aa = [  1  62  68  51  87 105 183  26  27 105 219  60 157  93 150 213 187  63  50 240 114  42  33 183 115  66  47  96   9  96 150 211 141 113   2 ;
 79  61  88  51 141 166 212  39 232 244  81 242 239 212 204  21 180 116   2 252  57 171 209  30 216 227 136   4 150 211  51  91 250  81 112 ;
201 125  55 182 249  84 109  24   8 148 175  80 168 164  23 182 175 192 213   7 252 219 255 242 240  78  13  39 168 130 185   3  12 215  42 ;
190 118 150 216 149 118 225  67 227 193  50  98  91 160 227 242  14 139  20 170 213 159 109 201 134 229  53 142 152 145 143 145 161 180  68 ;
237 186 130  98  34 184 174 180 129 111 148 205 226 210 151 158 212 127 194 100 225  50 217 232  10 229 112   8 184   8 151 165 140 243 226 ;
165 190 142  64 126  74 107 195 211  76 128 218 179  88 164 254  76  14  30 127 175 249 125  10  31 251  60 198 176  71 154 140 100  89  92 ;
 84 219   4 100 253  94  21 133 139  91 198 193  21 126 199   2   9   8 165  77  30  91 162 241 152  52  23  12 211 202 103  38 191  46 170 ;
164 117 157 239 156 140  54  88 172  95 232   4 224 243  96 155 216 116 125 125  98  41 131 227 146 139  41  19 106  19 127 227 233 251  92 ;
168 246  90 105 244  53  30 240 144 136 140 211  47 115 178 138 229 153 136  89  75 239  16 180 153  95  95 117 227 247  49 103 127 151  21 ;
 59 113 124 206  56 198 212  79  59 104  31  72  91 164  17  94 199 236  23 190 131  66 123  36  56  18  74 213 175  51 142 120 237 239 160 ;
 80   0 162  44  20 119 134 178 234   6  16 252 232 252 159 213 249 215 248  36  34  94  67  84 147 149 170 148 234 203  45  18  92 222 146 ;
 50 241 211 200 204 150  81  41   8 119 236 112 215 155 164 197 151  74 217 216 244 234 181 117  11 234  76 153  71 125 166 173 195 242 150 ;
  1 207  85  38   2  25 130  94  91  29 190 144 166 113 148   7 232 165  84 120  10  48 106  90  53 179  11 115 247 182  79 213  96 182 215 ;
134   1  71 155 121 190  64  31 222  35  42  57  49 107   7  26 216 207 239 204  69 215 189 196  98  77 111 135 218 107 220  35 125  25 251 ;
143 101 166 156  42  14 184 165 103 230  64 194 101  28  91 201 114  36 229 162   6 149  19 238   9  55  37  48 195  19 157 102 136  84 178 ;
 65  78  12  67  17   3  23 134  71  22  11   0 110 246  36  88  64  64 206 118 106 167 119 216 187  58 211  39 214  99 227 237  13   5  88 ;
207 234 196  46 200  74 101 245  22 196 194  67 238 188 105  76 196 117 107  50 246 201 127 177 150 251 106 177 141 112 189 131 249  86  83 ;
142  91 126 154  16 249  16  73  42  23 251 235 230 143 142   2 109  98 111 226 185 233 242 238 101 218 251 175 192 151 244 118  37  46 202 ;
228 239  59  16  13  16 175 167  43 187 104  35 179  77   2 152 202  23 108  71 220  38 230 114 130 218 121  39 128   6 207  48 208  29   6 ;
135  75  58  18 230 215  62 239  46 115 185 203 252  17 111 110 202 223 186 223  93  70 204  10 133 202  80 201 191 138  19 231 217  72  23 ;
155 232 210 111 100  93 140 101  69 182   7 102 161 236  72 133 138   0  20 241  14 184 198  31  21 238  37 172  90  75 245  64 148  48 243 ;
111 147  54  60  16 136  28 249  89  30 202 236 193 157 148  33  45  63 180 233  60  45 176   9 135   5 170 237 188  99 238 159 252 140 134 ;
235 132 255   5  95  16 245  91 218  72 137   9 116  87 163 149 181 248  51 109  87  86  25 160  43 123  93   5 249 117  87 120 122  40 206 ;
 43  26  44  94  97 177 203 252 238 126  71  41 157   8 169 246  40 166  97 146 248 226 242 136 229 252 138 243 219   0 250   9 168  59 143 ;
 20 236 138 219  10  34  38  76 181 219 158 124 181 122 147 118 145  87 136  88 145 122   5  55   8  91  45 245 130  12 158 166  61  50 100 ;
104 182  82  98 138  73  79  67 186 189 186   1   3 175  83 233 100  82 161  17  33 178 216   1  95 196 158 198 156 162 154 206 240 215  63 ;
238  61 172 186  30 198 148 129 163 223 138 162 131 215  60 166 213 222  58 198 220 134 183 118  66 220  92  96  95   6 189 171 152 127 237 ;
 84 187  52 205  68 162 240 109 195  71 182  87  78 154 115 156 130  25 107  62 227  68  39 126 217  59  49 101  62 189 221 107   5  69 229 ;
238 239 210 105  74 141 160 124  18 206 144 118  30  12 217  35 225  66 134 128   6 190  14  83  56  82  47 136   1 111 234  42  70 196  21 ;
 29 193 176  10  96 108 235 204 201  60  91  16 183 210 115 252 118   1 193 110  85  33 178  79 102 134 124  16  15  29 202   9  49 120 135 ;
223  85 145 106 224 165 207 255  32 137  37   9 173 187 160  90 133 106 100 242 209  13 151 228 233  18 171  52  73 164  13  91 129  58 155 ;
239 201 247  64 201 140 250 199  14 186   2  67 160  31 153 195  99 138  81 164 171 219 154 143 122  22   4  85 240  14 249 198 167 150  79 ;
195  30 126 106  89 233 152 189 151 124  25 195 137  59  81  31 240 127 164  33 236  66 242 178 210 108 245  29  24 126 254  42  61 184  93 ;
 26  29 198  86 142 149 194 131  45 127 209 187 181 150  41  92  92  19   8 102 115 169  37 175 188 151 167 141 217 106  52 236 134 159 153 ;
 46 166  56 240 106  10 181 149  83 232  53 151  12  83 150 102 145 141  85 216 163 146 141 179 128 210  58 122 233 163 239 100  89  28 133 ]
f = [  44  -59   20  -89   28  -72  125   31  -48   32  -33 ;
  33   67  -55  109   19   20 -110  -34  -10 -126  -60 ;
 -45 -105 -119  -40    4  -68    3    7   51  -19  -89 ;
 -45  118   73   85  -21   47   -3    4   98  -57   90 ;
  95 -102  -20 -116   -8   85   89  -36    6  -21   54 ;
 -60  113   12  -57   22  -10   25   76 -107  -32   99 ;
  78    3   36   86   39   16   65   42 -116  -31  -41 ;
 -89   -4 -112  -90  -83   51   50   10  110   41   24 ;
 114  -44  122   17  108 -106  112 -107   34   47  -90 ;
 106   98  -28  124 -105   57  -48   88  -96  -77   -9 ;
  81  -18  123  -17  -29  -65   13    7   77  -20   30 ]
